9
18
1
5
4
3
25
3
48
1
12
12
47
42
31
3
7
17
12
14
1
1
8
11
1
4
6
29
13
2
6
3
1
3
13
18
13
9
5
44
2
30
3
2
8
2
9
4
9
13
5
13
2
6
39
2
10
8
2
8
30
48
4
29
10
44
5
36
19
22
32
1
7
15
2
10
3
18
3
35
39
19
3
4
10
3
12
6
40
1
39
8
19
38
1
38
1
20
7
37
9
38
30
3
37
22
16
3
27
17
28
26
21
4
4
6
18
6
30
3
14
7
35
12
21
3
4
2
17
10
49
45
3
37
36
28
8
11
7
5
47
17
1
4
2
48
12
11
9
22
25
9
32
50
47
1
44
35
17
24
18
7
1
14
8
31
30
16
5
32
11
1
3
2
3
5
13
14
12
2
46
36
6
45
2
7
7
2
3
2
1
14
2
1
2
23
6
19
23
50
1
10
7
1
2
12
13
2
36
2
12
3
1
14
1
3
45
10
2
11
2
28
21
2
1
3
3
44
2
1
7
4
17
5
3
48
35
12
1
1
14
8
16
43
21
23
1
2
42
33
27
1
2
26
2
1
15
32
2
2
20
22
18
46
5
9
47
2
18
32
2
41
34
29
45
31
14
46
21
1
1
13
37
1
1
18
4
40
2
27
19
20
7
38
20
26
43
2
17
2
32
40
10
19
44
16
19
15
2
4
24
33
3
16
4
33
6
33
1
11
43
4
3
13
4
19
2
7
1
12
20
3
1
1
2
11
4
36
7
1
35
1
19
30
1
15
5
1
6
2
6
48
10
49
28
29
23
2
2
37
6
2
1
6
11
4
6
1
26
40
34
28
6
20
39
10
2
15
1
13
5
7
2
3
12
1
13
3
9
43
16
8
4
3
33
24
3
26
1
5
1
26
21
12
23
3
32
28
46
2
20
27
34
11
13
1
9
21
2
8
1
8
2
1
36
44
15
3
13
2
23
1
9
1
7
4
7
13
35
11
22
24
1
2
1
4
15
2
5
3
